background(186, 145, 20); // wooden table
ellipse(201, 196, 320, 319); // plate
ellipse(200, 197, 285, 277); 

//fish
fill(104, 128, 128);
bezier(252,303,347,130,124,137,295,288);
strokeWeight(7);
point(251,205);

//bowl of rice
strokeWeight(4);
fill(245, 240, 240);
arc(153, 247,98,-79,-1,176);
noFill();
arc(153,258,120,77,-9,192);
line(211,249,94,248);

//mushrooms
fill(184, 184, 184);
arc(142,120,55,52,177,361);
quad(130,149,137,122,147,123,156,150);
line(115,121,171,123);
arc(221,128,72,82,206,340);
quad(210,116,235,117,233,151,204,150);
line(190,113,255,116);
